A	N	T1/2	Nu	spin(halfs)
0	1	636	-9.5652135	1
1	1	0	2.792847343	1
1	2	0	0.857438229	2
1	3	388838880	2.978962444	1
2	 3	0	-2.127497723	1
3	 6	0	0.82204736	2
3	 7	0	3.2564272	-3
3	 8	8.42E-13	1.653402	4
3	 9	1.78E-13	3.43916	-3
3	 11	7.7E-15	3.6683	-3
4	 9	0	-1.17789	-3
5	8	0.77	1.03553	4
5	10	0	1.800644786	6
5	11	0	2.68864891	-3
5	12	2.04E-14	1.0027211	2
5	13	1.74E-14	3.17785	-3
5	14	1.38E-14	1.1855	-4
5	15	1.03E-14	2.65915	-3
5	17	5.1E-15	2.552	-3
6	9	1.26E-13	1.39145	-3
6	11	1224	-0.9641	-3
6	12	4.5E-11	0	4
6	13	0	0.702411814	-1
6	14	0.000067	0.822	-6
6	15	2.45	1.327	1
7	12	1.1E-14	0.45735	2
7	13	597.6	0.32224	-1
7	14	0	0.403761006	2
7	15	0	-0.283188845	-1
7	16	0.0000913	1.606	-6
7	17	4.17	0.3522	-1
8	13	#VALUE!	1.38913	-3
8	15	122	0.7195112	-1
8	16	0.0000184	1.66812	-6
8	17	0	-1.893799	5
8	18	0.00000207	-0.573	4
8	19	27	1.531957	5
8	20	0.0000074	0.703	4
9	17	64.5	4.72133	5
9	18	0.000047	1.62	6
9	19	0	2.6288688	1
9	20	11	2.093359	4
9	21	4.16	3.935	5
10	 19	17.3	-1.885428	1
10	 20	0.0000007	1.088	4
10	 21	0	-0.6617975	3
10	 22	0.0000036	0.652	4
10	 23	37.6	-1.081	5
11	 20	0.446	0.36942	4
11	 21	22.5	2.836301	3
11	 22	81993600	1.7463	6
11	 23	0	2.2175222	3
11	 24	54000	1.69038	8
11	 25	60	3.6834	5
11	 26	1.07	2.8512	6
11	 27	0.29	3.8955	5
11	 28	3.05E-14	2.4265	2
11	 29	4.3E-14	2.4498	3
11	 30	5.3E-14	2.0831	-4
11	 31	1.7E-14	2.3058	3
12	 23	11.3	0.53643	3
12	 24	0.00000145	1.024	4
12	 24	0.00000144	0	4
12	 25	0	-0.855458	5
12	 26	4.76E-10	1.03	4
13	 25	7.18	3.645512	5
13	 26	#VALUE!	2.8044	10
13	 27	0	3.64150697	5
13	 28	134.4	3.2425	6
14	 27	4.1	-3.4216	5
14	 28	0.00000049	1.12	4
14	 29	0	-0.555293	1
14	 30	0.00000025	0.82	4
14	 32	0.0000004	0	4
14	 33	6.332	1.213	3
15	29	4.1	1.23493	1
15	31	0	1.131603	1
15	31	1233792	-0.25243	2
16	31	2.6	0.487938	1
16	32	0.00000016	0.92	4
16	33	0	0.643821214	3
16	34	0.00000032	1.02	4
16	35	7551360	0	3
17	 33	2.52	0.7522	3
17	 35	0	0.82187434	3
17	 36	#VALUE!	1.285475	4
17	 37	0	0.68412364	3
17	 38	2238	2.052	-4
18	 33	0.174	-0.7236	1
18	 35	1.78	0.6337	3
18	 36	0.00000028	0	4
18	 37	3024000	0.83	3
18	 39	8483184000	-1.58815	-7
18	 40	0.00000112	-0.22	4
19	36	0.34	0	4
19	37	1.23	0.203216	3
19	38	456.6	1.3716	6
19	39	0	0.391473	3
19	40	#VALUE!	-1.2981003	-8
19	41	0	0.21487012	3
19	42	44496	-1.14256	-4
19	43	80280	0.16338	3
19	44	1326	-0.8564	-4
19	45	1200	0.17348	3
19	46	115	-1.0516	-4
19	47	17.5	1.9339	1
20	 39	0.86	1.0216812	3
20	 40	0.000047	1.63	-6
20	 41	#VALUE!	-1.5947819	-7
20	 42	0.00000082	0	4
20	 43	0	-1.31736	-7
20	 44	0.0000029	-0.62	4
20	 45	14256000	-1.327414	-7
20	 47	388800	-1.383	-7
21	 41	0.59	0	-7
21	 43	14004	4.624	-7
21	 44	14148	2.563	4
21	 45	0	4.7564872	-7
21	 46	7241184	3.032	8
21	 47	295488	5.342	-7
22	 43	0.5	0.852	-7
22	 45	11124	0.0952	-7
22	 46	0.00000536	1.03	4
22	 47	0	-0.788481	-5
22	 48	0.00000429	0.94	4
22	 49	0	-1.104171	-7
22	  50	0.00000097	2.78	4
23	46	1.02E-15	1.643	6
23	48	1377216	0	8
23	49	28512000	4.475	-7
23	50	4.7304E+24	3.345688914	12
23	51	0	5.14870572	-7
24	 49	2514	0.4763	-5
24	 50	0.0000092	1.22	4
24	 51	2393280	0	-7
24	 52	0.000000707	3.05	4
24	 53	0	-0.474543	-3
24	 54	0.000008	1.12	4
25	 51	0	3.568313	-5
25	 52	501120	3.062212	12
25	 53	#VALUE!	5.0247	-7
25	 54	26956800	3.281913	6
25	 55	0	3.453213	-5
25	 56	9288	3.22662	6
26	 53	0.000000064	-0.38615	-3
26	 54	0.00000097	3.48	4
26	 55	0.0000083	2.712	-5
26	 56	0.0000069	1.2216	4
26	 57	0	0.090447	-1
26	 58	0.0000067	0.93	4
26	 59	3853440	-0.33584	-3
27	 55	63000	4.8223	-7
27	 56	6808320	3.851	8
27	 57	23414400	4.7201	-7
27	 58	6117120	4.0448	4
27	 59	0	4.6279	-7
27	 60	166226256	3.7998	10
28	 57	129600	-0.797514	-3
28	 58	0.000000644	-0.13	4
28	 59	0.000083	0.3515	-5
28	 60	0.000000713	0.23	4
28	 61	0	-0.750024	-3
28	 62	0.00000143	0.6814	4
28	 63	1.72E-15	0.7523	-5
28	 64	0.00000085	0.93	4
28	 65	9072	0.696	-5
29	 60	1404	1.2193	4
29	 61	12276	2.144	-3
29	 62	583.8	-0.3804	2
29	 63	0	2.2272063	-3
29	 64	45720	-0.2172	2
29	 65	0	2.38173	-3
29	 66	306	-0.2822	2
30	 63	2286	-0.281645	-3
30	 64	0.00000175	0.82	4
30	 65	21090240	0.76902	-5
30	 66	0.00000156	0.52	4
30	 67	0	0.8754799	-5
30	 68	0.0000009	1.02	4
30	 69	49392	1.1572	9
30	 70	0.0000032	0.6014	4
30	 71	14184	1.0526	9
31	 66	0.000000023	1.012	4
31	 67	281880	1.85073	-3
31	 68	4086	0.011755	2
31	 69	0	2.016595	-3
31	 70	2.27E-08	-0.261	-8
31	 71	0	2.562272	-3
31	 72	50760	-0.132242	-6
32	 67	0.000000111	-0.84912	9
32	 68	0.00000048	0	12
32	 69	140400	0.7357	-5
32	 70	0.00000132	0.945	4
32	 71	967680	0.5475	-1
32	 72	0.00000329	0.807	4
32	 73	0	-0.87946772	9
32	 74	0.0000125	0.874	4
32	 75	4968	0.5105	-1
32	 76	0.0000186	0.845	4
33	 68	0.000000037	0	#VALUE!
33	 69	912	1.5816	-5
33	 70	3180	2.10612	8
33	 71	235080	0	-5
33	 72	93600	-2.15663	-4
33	 73	0.000000005	1.631	-5
33	 74	1537920	-1.5973	-4
33	 75	0	1.439487	-3
33	 76	94680	-0.9065	-4
33	 77	0.000304	0.742	-5
34	 73	25560	0.875	9
34	 74	0.00000708	0	4
34	 75	10238400	0.674	5
34	 76	0.0000111	0.82	4
34	 77	0	0.53504226	-1
34	 78	0.0000086	0.82	4
34	 79	#VALUE!	-1.01815	7
34	 80	0.000008	0.83	4
34	 82	0.0000113	0.93	4
35	 72	79	0.601	6
35	 73	3.47E-08	1.9713	-3
35	 74	2760	1.6818	8
35	 75	5820	0.7618	-3
35	 76	57960	0.548212	-2
35	 77	205200	0.925	-3
35	 78	387.6	0.133	2
35	 79	0	2.1064004	-3
35	 80	1056	0.51406	2
35	 81	0	2.2705624	-3
35	 82	127080	1.62705	-10
35	 84	1908	1.97	-4
36	 75	258	0	5
36	 77	4464	0	5
36	 78	0.000022	1.081	4
36	 79	126144	0	-1
36	 81	#VALUE!	0	7
36	 83	0	-0.9706693	9
36	 84	1.84E-15	-1.972	16
36	 85	339327360	0	9
36	 87	4578	-1.0185	5
36	 89	189	0	3
36	 91	8.57	0	5
36	 93	1.286	0	1
36	 95	0.78	0	1
37	 76	39	-0.372622814	-2
37	 77	228	0.654468016	-3
37	 78	378	2.5492	-8
37	 79	1380	3.357912	5
37	 79	1.86E-08	5.037	9
37	 80	30	-0.08366	2
37	 81	16488	2.059514	-3
37	 82	75	0.554508311	2
37	 83	7447680	1.42498	-5
37	 84	2851200	-1.3241162	-4
37	 85	0	1.352981	-5
37	 86	1611360	-1.692014	-4
37	 87	#VALUE!	2.7513112	-3
37	 88	1062	0.5085	-4
37	 89	912	2.38367	-3
37	 90	255.6	1.61606	-6
37	 91	58	2.181515	-3
37	 93	5.85	1.4102	-5
37	 94	2.73	1.4982	-6
37	 95	0.38	1.3343	-5
37	 96	0.2	1.4662	4
37	 97	0.17	1.8412	-3
38	 77	9	-0.3484	5
38	 79	135	-0.4744	-3
38	 81	1338	0.5434	-1
38	 82	0.000003	22	-10
38	 83	116640	-0.8292	7
38	 84	0.0000032	0.849	4
38	 85	5598720	-1.0002	9
38	 86	0.00000146	0.551	4
38	 87	0	-1.09287	9
38	 88	0.000000152	2.33	4
38	 89	4363200	-1.1472	5
38	 91	34200	-0.8852	5
38	 93	444	-0.7932	5
38	 95	618	-0.5372	-1
38	 97	0.4	-0.4982	-1
38	 98	2.8E-09	0.7614	4
38	 99	0.269	-0.2615	3
39	83	0.000171	2.16	7
39	85	17640	6.25	9
39	86	52200	0	-8
39	87	45720	6.067	9
39	88	1.4E-14	4.875	16
39	89	0	-0.13741543	-1
39	90	230760	-1.6308	-4
39	91	5054400	0.16418	-1
40	 86	#VALUE!	0	#VALUE!
40	 88	1.32E-15	-1.812	16
40	 89	282240	-1.082	9
40	 90	0.8	6.2513	-10
40	 91	0	-1.303622	5
40	 92	0.00000485	-0.061	4
40	 94	0.0000073	-0.5212	4
40	 95	5529600	1.132	5
40	 97	0.000000102	1.3714	7
40	 99	1.07E-09	0.426	3
40	 100	6.1E-10	0.5212	4
41	 89	7200	6.2165	9
41	 90	52560	4.9614	16
41	 91	0.00000001	9.1413	-13
41	 92	876960	0	4
41	 93	0	6.17053	9
41	 95	3041280	6.1415	9
41	 96	84240	4.9764	12
41	 97	4326	6.1535	9
42	 88	#VALUE!	0	#VALUE!
42	 89	9.5E-09	8.34	21
42	 90	0.000016	5.514	-10
42	 91	0.000000047	8.818	21
42	 92	0.00000019	11.305	16
42	 93	24660	0	21
42	 94	0.0000029	0	4
42	 95	0	-0.91421	5
42	 96	0.0000037	0	4
42	 97	0	-0.93351	5
42	 98	0.0000035	0.74	4
42	 99	237240	0.3753	1
42	 100	0.0000103	0.74	4
42	 102	1.1E-10	0.8414	4
42	 104	9E-10	0.42	4
42	 107	0.000000245	0	#VALUE!
43	 92	3.2E-09	8.93	-22
43	 93	9900	6.326	9
43	 94	17580	5.125	14
43	 95	72000	5.946	9
43	 96	369792	5.095	14
43	 99	#VALUE!	5.68474	9
43	 108	0.0000001	0	
44	 93	2.4E-15	8.972	21
44	 94	0.000000065	8.125	12
44	 95	5904	0.8617	5
44	 96	0.0000027	0	4
44	 97	248832	0	5
44	 98	0.0000059	0.86	4
44	 99	0	-0.6415	5
44	 100	0.000012	1.0213	4
44	 101	0	-0.7196	5
44	 102	0.000018	0.746	4
44	 103	3404160	0.2063	3
44	 104	0.000058	0.821	4
44	 105	15984	0	3
44	 109	0.00000078	0	
45	 95	0.000000019	10.93	-17
45	 99	16920	5.626	9
45	 100	0.000000215	4.3248	4
45	 101	374976	5.436	9
45	 102	17798400	0.54	-4
45	 103	0	-0.88402	-1
45	 104	0.000000047	2.006	-12
45	 105	127440	4.415	7
45	 106	29.8	2.5757	2
46	 96	2.22E-15	10.976	16
46	 101	30600	0	5
46	 102	0.0000113	0.828	4
46	 103	0.000000025	-1.056	-11
46	 104	0.0000097	0.928	4
46	 105	0	-0.6423	5
46	 108	0.000023	0.726	4
46	 110	0.000046	0.626	4
47	 101	684	5.74	9
47	 102	780	4.67	10
47	 103	3960	4.475	7
47	 104	4140	3.9178	10
47	 105	3568320	0.10141	-1
47	 106	1440	2.92	2
47	 107	0	-0.113572	-1
47	 108	144	2.68847	2
47	 109	0	0.130562	-1
47	 110	24.4	2.72718	2
47	 111	643680	-0.1462	-1
47	 112	11304	0.05475	-4
47	 113	19332	0.1592	-1
48	 100	0.000000073	9.95	16
48	 102	0.000000056	10.32	16
48	 103	438	-0.813	5
48	 105	3360	-0.73932	5
48	 106	0.0000073	0.82	4
48	 107	23400	-0.615055411	5
48	 108	0.0000068	0.72	4
48	 109	39139200	-0.827846115	5
48	 110	0.000005	0.5711	4
48	 111	0	-0.59488618	1
48	 112	0.0000062	0.62	4
48	 113	#VALUE!	-0.62230099	1
48	 114	0.000009	0.5814	4
48	 115	192240	-0.648425912	1
48	 116	0.000015	0.6014	4
49	 104	102	4.442	10
49	 105	304.2	5.6755	9
49	 106	372	4.9167	14
49	 107	#VALUE!	5.5858	9
49	 108	3480	4.5613	14
49	 109	15120	5.5384	9
49	 110	4146	4.3654	4
49	 111	244512	5.5037	9
49	 112	864	2.823	2
49	 113	0	5.52892	9
49	 114	71.9	2.81711	2
49	 115	#VALUE!	0	9
49	 116	14.1	2.78766	2
49	 117	2520	5.5194	9
49	 118	267	4.2319	10
49	 119	144	5.5151	9
49	 120	44.4	4.2955	10
49	 121	23.1	5.5025	9
49	 122	9.2	4.3185	10
49	 123	6.68	5.4917	9
49	 124	3.09	4.04311	6
49	 125	2.5	5.5029	9
49	 126	1.6	4.03411	6
49	 127	1.22	5.5228	9
50	 108	7.3E-09	-0.2412	12
50	 109	1080	-1.0796	5
50	 110	5.6E-09	0.073	12
50	 111	2100	0.6084	7
50	 112	0.00000035	0.73	4
50	 113	9936000	-0.87916	1
50	 114	0.00000028	0	4
50	 115	0	-0.918837	1
50	 116	0.00000036	-0.32	4
50	 117	0	-1.001047	1
50	 118	0.00000046	0.042	4
50	 119	0	-1.047287	1
50	 120	0.00000064	0	4
50	 121	97560	0.69781	3
50	 122	0.00000076	-0.12	4
50	 123	11145600	-1.37009	-11
50	 124	0.00000097	-0.32	4
50	 125	831168	-1.3482	-11
51	 112	0.000000536	2.1928	-16
51	 114	209.4	1.728	6
51	 115	1908	3.461	5
51	 116	960	2.7159	6
51	 117	10080	3.436	5
51	 118	216	2.477	2
51	 119	136800	3.451	5
51	 120	954	2.32	2
51	 121	0	3.36343	5
51	 122	231552	0	-4
51	 123	0	2.54982	7
51	 124	5201280	1.202	-6
51	 125	85147200	2.634	7
51	 126	1071360	1.287	-16
51	 127	331776	2.6976	7
51	 128	32760	1.32	-16
51	 129	15840	2.792	7
51	 131	1380	2.891	7
51	 133	150	3.001	7
52	 115	7.5E-15	-0.9545	-11
52	 117	1.91E-08	-0.78712	5
52	 119	57960	0.255	1
52	 120	0.0000093	0.7814	4
52	 121	13305600	0.8951	-11
52	 122	0.00000752	0.664	4
52	 123	#VALUE!	-0.73694788	1
52	 124	0.00000625	0.566	4
52	 125	0	-0.88850514	1
52	 126	0.00000441	0.628	4
52	 127	33840	0.6354	3
52	 128	0.0000032	0.506	4
52	 129	4170	0.7024	3
52	 130	0.0000023	0.581	4
52	 131	1500	0.6969	3
52	 132	0.000000145	4.75	12
52	 134	0.000000163	5.0815	12
52	 135	0.00000051	-3.84	-19
53	117	133.2	3.12	5
53	118	822	2.02	-4
53	119	1140	0	5
53	120	5040	1.233	-4
53	121	7560	2.31	-5
53	122	217.8	0.943	2
53	123	47880	2.8187	5
53	124	361152	1.4464	-4
53	125	5201280	2.8215	5
53	  126	1131840	1.4384	-4
53	127	0	2.813278	5
53	128	0.000000845	-0.723	-8
53	129	#VALUE!	2.62103	7
53	130	44496	3.3497	10
53	131	694656	2.7421	7
53	132	8208	3.0887	8
53	133	75240	2.8565	7
54	 117	61.2	0	5
54	 119	3480	0	5
54	 121	2340	0	5
54	 123	7200	0	1
54	 124	0.000056	0.464	4
54	 125	61560	0	1
54	 126	0.0000412	0.7414	4
54	 127	3144960	0	1
54	 128	0.0000214	0.8214	4
54	 129	0	-0.7779768	1
54	 130	0.00001	0.7614	4
54	 131	0	0	3
54	 132	0.0000049	0.741	4
54	 133	452736	0	3
54	 134	0.0000019	1.12	4
54	 135	32760	0	3
54	 136	0.00000021	2.45	4
54	 137	229.2	-0.9688	-7
54	 139	39.7	-0.3041	-3
54	 141	1.73	0.0104	5
54	 143	0.3	-0.459914	-5
55	 118	14	3.8765	4
55	 119	36	5.463	9
55	 120	64	3.872	4
55	 121	136.2	0.7704	3
55	 122	21	-0.13339	2
55	 123	348	1.3777	1
55	 124	30.8	0.6733	2
55	 125	2700	1.4097	1
55	 126	98.4	0.7774	2
55	 127	22320	1.4597	1
55	 128	217.2	0.9745	2
55	 129	116280	1.4918	1
55	 130	1794	1.4607	2
55	 131	837216	3.532	5
55	 132	559008	2.2227	-4
55	 133	0	2.5820253	7
55	 134	64964160	2.99379	8
55	 135	9.4608E+13	2.73242	7
55	 136	1140480	3.71115	10
55	 137	951441120	2.85137	7
55	 138	1932	0.7004	-6
55	 139	564	2.6964	7
55	 140	65	0.13389535	-2
55	 141	25.1	2.4381	7
55	 143	1.78	0.8704	3
55	 144	1	-0.5463	2
55	 145	0.59	0.7844	3
55	 146	0.34	-0.5152	2
56	 121	30	0.6601	5
56	 123	162	-0.6801	5
56	 125	210	0.17712	1
56	 127	762	0.08341	1
56	 129	8028	-0.402	1
56	 130	0.000037	0.706	4
56	 131	1019520	0.70811315	1
56	 132	0.000018	0.686	4
56	 133	337435200	0.771672	1
56	 134	0.0000051	0.861	4
56	 135	0	0.837942	3
56	 136	0.00000193	0.691	4
56	 137	0	0.937372	3
56	 138	0.000000206	1.42	4
56	 139	5076	-0.9735	-7
56	 141	1122	-0.3375	-3
56	 142	0.000066	0.851	4
56	 143	14.5	0.44311	5
56	 144	7E-10	0.681	4
56	 145	4.31	-0.2857	-5
56	 146	8.5E-10	0.5614	4
57	 133	0.00000006	7.55	-11
57	 135	0.00000005	0.02	27
57	 137	1.89216E+12	2.6956	7
57	 138	3.46896E+18	3.7136467	10
57	 139	0	2.78304559	7
57	 140	145080	0.73015	-6
58	 126	0.000008	0	20
58	 134	0.000000308	-1.872	20
58	 135	8.2E-09	-0.661	19
58	 136	2.2E-15	-1.802	20
58	 137	32400	0.964	3
58	 138	0.000000082	-1.703	20
58	 139	11888640	1.064	3
58	 140	9E-11	1.92	4
58	 141	2808000	1.094	-7
58	 142	0.0000057	0.421	4
58	 143	118800	0.432	-3
58	 146	2.5E-10	0.481	4
58	 148	1.01E-09	0.7412	4
59	 136	0.00000009	2.38	8
59	 139	0.000000045	6.65	-11
59	 141	0	4.27545	5
59	 142	69120	0.2341	-4
59	 143	1172448	2.7014	7
59	 144	1.2E-10	-1.24	-2
60	 134	0.000064	1.24	4
60	 135	744	-0.783	-9
60	 136	0.0000513	114	20
60	 137	2280	-0.6335	1
60	 138	0.00000033	-1.744	20
60	 139	1800	0.9077	3
60	 140	0.000000022	-1.9212	20
60	 141	8964	1.0129	3
60	 142	1.1E-10	1.6915	4
60	 143	0	-1.0655	-7
60	 144	0.00000451	0.324	4
60	 145	0	-0.6564	-7
60	 146	0.0000275	0.582	4
60	 147	950400	0.5783	-5
60	 148	0.0000783	0.704	4
60	 149	6228	0.3511	-5
60	 150	0.002142	0.761	4
61	 138	210	3.29	6
61	 143	22896000	3.85	5
61	 144	30153600	1.6914	-10
61	 145	558187200	3.8016	5
61	 147	82718928	2.587	7
61	 148	463968	2.12	-2
61	 149	191160	3.35	7
61	 151	102240	1.82	5
62	 138	5.5E-10	0	20
62	 139	154.2	-0.532	1
62	 140	1.94E-08	-1.82	20
62	 141	612	-0.742	1
62	 142	0.00000017	0.42	-14
62	 143	529.8	1.012	3
62	 144	8.5E-11	1.52	4
62	 145	29376000	-1.116	-7
62	 147	3.46896E+18	-0.8122	-7
62	 148	0.0000073	0.514	4
62	 149	#VALUE!	-0.667711	-7
62	 150	0.000049	0.775	4
62	 151	2838240000	-0.361113	-5
62	 152	1.4E-09	0.806	4
62	 153	168480	-0.0213	3
62	 154	3.01E-09	0.784	4
62	 155	1344	0	-3
63	 138	12.1	5.37	-12
63	 139	17.9	6.18	-11
63	 140	1.54	1.36513	2
63	 141	40	3.4948	5
63	 142	2.4	1.542	2
63	 143	156	3.6738	5
63	 144	10	1.89313	2
63	 145	512352	3.9993	5
63	 146	396576	1.4218	-8
63	 147	2082240	3.7366	5
63	 148	4708800	2.3401	-10
63	 149	8043840	3.5761	5
63	 150	1128988800	2.70811	-10
63	 151	0	3.47176	5
63	 152	426997440	-1.94018	-6
63	 153	0	1.53243	5
63	 154	271209600	-2.0056	-6
63	 155	147588480	1.522	5
63	 157	54720	1.502	5
63	 158	2754	1.442	-2
63	 159	1086	1.382	5
64	 144	0.00000013	12.7614	20
64	 146	1.1E-09	2.19	-6
64	 147	137160	1.029	-7
64	 148	1.65E-08	-0.162	-18
64	 149	812160	0.884	-7
64	 151	10368000	0.776	-7
64	 152	0.0000286	0.968	4
64	 153	20874240	0.388	-3
64	 154	1.17E-09	0.966	4
64	 155	0	-0.25724	-3
64	 156	2.21E-09	0.8214	4
64	 157	0	-0.33987	-3
64	 158	2.52E-09	0.786	4
64	 159	66960	-0.443	-3
64	 160	2.7E-09	0.724	4
65	 147	6120	1.705	1
65	 148	3600	-1.752	-4
65	 149	14832	1.352	1
65	 150	12528	-0.902	-4
65	 151	63360	0.9196	1
65	 152	63000	-0.582	-4
65	 153	202176	3.442	5
65	 154	33840	1.62	-6
65	 155	459648	2.012	3
65	 166	462240	1.72	-6
65	 157	3122064000	2.012	3
65	 158	4730400000	1.7587	-6
65	 159	0	2.0144	3
65	 160	6229440	1.7907	-6
65	 161	596160	0	#VALUE!
66	 147	78	0	#VALUE!
66	 149	253.8	0	#VALUE!
66	 151	1020	0	#VALUE!
66	 152	9.9E-09	0	#VALUE!
66	 153	22680	0	#VALUE!
66	 154	-1	0	#VALUE!
66	 155	36000	0	#VALUE!
66	 156	8.2E-10	0.788	4
66	 157	29160	-0.3012	-3
66	 158	1.66E-15	0.725	4
66	 159	12441600	-0.3543	-3
66	 160	1.96E-09	0.742	4
66	 161	0	-0.4803	5
66	 162	2.25E-09	0.693	4
66	 163	0	0.6734	-5
66	 164	2.39E-09	0.682	4
66	 165	8388	-0.5205	7
67	 152	161.8	-1.022	-4
67	 153	120	6.815	-11
67	 154	705.6	-0.6436	-4
67	 155	2880	3.513	5
67	 156	3360	2.993	8
67	 157	756	4.353	-7
67	 158	678	3.773	10
67	 159	2103	4.283	-7
67	 160	1536	3.713	10
67	 161	8928	4.253	-7
67	 162	4020	3.604	-12
67	 163	1.4412E+11	4.234	-7
67	 165	0	4.173	-7
67	 166	37843200000	3.6016	-14
68	 152	1.8E-09	-0.66	16
68	 153	37.1	-0.9345	-7
68	 154	0.000000039	0.16913	-22
68	 155	318	-0.6694	-7
68	 156	0.000033	0.8012	4
68	 157	1500	-0.4123	-3
68	 158	3E-10	0.7211	4
68	 159	2160	-0.3042	-3
68	 160	0.000034	1.2819	8
68	 161	11556	-0.3653	-3
68	 162	1.3E-09	0	4
68	 163	4506	0.5574	-5
68	 164	1.48E-09	0.69715	4
68	 165	37296	0.6433	-5
68	 166	1.85E-09	0.6491	4
68	 167	0	-0.5638512	7
68	 168	1.86E-09	0.626	4
68	 169	812160	0.523	-1
68	 170	1.9E-09	0.63313	4
68	 171	27072	0.6591	-5
69	 156	78	0.403	-4
69	 157	216	0.47615	1
69	 158	258	0.042	-4
69	 159	540	3.423	5
69	 160	564	0.162	-2
69	 161	2280	2.402	7
69	 162	1260	0.0688	-2
69	 163	6480	-0.0821	1
69	 164	120	2.833	2
69	 165	108216	-0.1392	1
69	 166	27720	0.0921	4
69	 167	799200	-0.1972	1
69	 168	7344000	0.22711	6
69	 169	0	0	1
69	 170	11111040	0.2462	2
69	 171	60549120	-0.2284	1
70	 155	1.59	-0.848	-7
70	 157	38.6	-0.6398	-7
70	 158	-1	0	#VALUE!
70	 159	94.8	-0.3688	-5
70	 160	-1	1.91	#VALUE!
70	 161	252	-0.3278	-3
70	 162	-1	0	-4064
70	 163	660	-0.3748	-3
70	 165	594	0.4788	-5
70	 167	1050	0.6238	-5
70	 169	2764800	-0.6358	7
70	 170	1.57E-09	0.6748	4
70	 171	0	0.493671	-1
70	 172	1.22E-10	0	8
70	 173	0	-0.6483	-5
70	 174	1.79E-09	0.6768	4
70	 175	361152	0.7688	-7
70	  176	1.8E-09	0.683	4
71	 169	122760	2.29713	7
71	 171	711936	2.30512	7
71	 172	578880	2.89315	-8
71	 173	43204320	2.28012	7
71	 174	104068800	1.93	-2
71	 175	0	2.232311	7
71	 176	1.1353E+18	3.1695	-14
71	 177	579744	2.23911	7
72	 165	#VALUE!	0	#VALUE!
72	 166	#VALUE!	0	#VALUE!
72	 168	#VALUE!	0	#VALUE!
72	 172	#VALUE!	0	#VALUE!
72	 173	1.95E-08	6.62	-23
72	 174	0.000000138	5.425	12
72	 175	6048000	-0.623	-5
72	 176	1.47E-09	0.636	4
72	 177	0	0.79356	-7
72	 178	1.47E-09	0.483	4
72	 179	0	-0.640913	9
72	 180	1.53E-09	0.613	4
73	 171	0.000000045	0	-9
73	 173	11304	1.703	-5
73	 175	37800	2.275	7
73	 177	203760	2.255	7
73	 178	558	2.74012	2
73	 179	57395520	2.2899	7
73	 180	3.78432E+22	4.82511	-18
73	 181	0	2.37057	7
73	 182	9936000	3.023	-6
73	 183	440640	0	7
74	178	0.000213	0.501	4
74	179	0.00000075	0	-35
74	180	1.22E-09	0.513	4
74	182	1.37	0.522	4
74	183	0	0.117784769	-1
74	184	1.25E-09	0.57814	4
74	186	1.05E-09	0.623	4
74	187	86040	0.62115	-3
75	 179	1182	2.84	5
75	 180	144	1.62	-2
75	 181	71640	3.197	5
75	 182	230400	2.846	14
75	 183	6048000	3.16815	5
75	 184	3283200	0	-6
75	 185	0	3.18713	5
75	 186	326160	1.7396	-2
75	 187	1.26144E+18	3.21973	5
75	 188	60840	1.7885	-2
76	 182	0.00000015	10.62	50
76	 183	46800	0	9
76	 184	1.18E-09	0	4
76	 186	0.00083	0.562	4
76	 187	0	0.064651896	-1
76	 188	0.00071	0.582	4
76	 189	0	0.6599334	-3
76	 190	0.000366	0.702	4
76	 191	1330560	0.963	-9
76	 192	0.000289	0.792	4
76	 193	109800	0.7302	-3
77	 180	90	0	#VALUE!
77	 182	900	0	#VALUE!
77	 183	3300	0	#VALUE!
77	 184	11304	0.6965	-10
77	 185	51840	2.60513	-5
77	 186	59904	3.885	10
77	 187	37800	0	3
77	 188	145800	0.3021	-2
77	 189	1131840	0	3
77	 190	1019520	0.041	8
77	 191	0	0.15076	3
77	 192	6410880	1.9241	-8
77	 193	0	0.16376	3
77	 194	69840	0.391	-2
78	 183	390	0.513	-1
78	 184	0.000376	0.566	4
78	 185	4254	0.77414	9
78	 186	0.00026	0.546	4
78	 187	8460	0.4088	-3
78	 188	0.000064	0.588	4
78	 189	39240	-0.4215	-3
78	 190	0.00006	0.573	4
78	 191	250560	-0.5015	-3
78	 192	0.0000437	0.573	4
78	 193	1576800000	0.6038	-1
78	 194	0.0000418	0.603	4
78	 195	0	0.609526	-1
78	 196	0.000034	0.595	4
78	 197	65880	0.512	-1
78	 198	0.0000223	0.632	4
79	 182	21	0	#VALUE!
79	 183	42	1.972	-5
79	 184	21	2.072	10
79	 185	252	2.172	-5
79	 186	642	-1.283	-6
79	 187	504	0.53515	1
79	 188	528	-0.073	-2
79	 189	1722	0.49414	1
79	 190	2568	-0.0657	-2
79	 191	11448	0.13699	3
79	 192	18000	-0.010715	-2
79	 193	63540	0.13966	3
79	 194	142200	0.076313	-2
79	 195	15811200	0.14876	3
79	 196	533952	0.58015	-4
79	 197	0	0.1457469	3
79	 198	232934.4	0.642	-4
79	 199	271296	0.2612	3
79	 200	67320	5.909	-24
80	 181	3.6	0.50717	-1
80	 183	8.8	0.5245	-1
80	 185	55	0.5094	-1
80	 187	144	-1.04411	13
80	 188	0.000000135	-2.0212	24
80	 189	456	-0.60868	-3
80	 190	0.000000021	-2.52	24
80	 191	2940	-0.61811	-3
80	 193	13680	-0.62762	-3
80	 194	2.9E-09	0	20
80	 195	35640	0.541474914	-1
80	 196	5.2E-09	-0.2913	-14
80	 197	230760	0	-1
80	 198	0.000023	0.766	4
80	 199	0	0.50588559	-1
80	 200	0.0000466	0.655	4
80	 201	0	-0.560225714	-3
80	 202	0.0000273	0.786	4
80	 203	4043520	0.8489513	-5
80	 204	0.0000402	0.92	4
80	 205	312	0.600891	-1
80	 206	2.15E-15	5.455	-10
81	 187	51	1.556	1
81	 188	71	0.4838	14
81	 189	84	3.8786	-9
81	 190	156	0.2542	-4
81	 191	132	1.5884	1
81	 192	576	0.2003	-4
81	 193	1296	1.5912	1
81	 194	2040	0.1403	-4
81	 195	4176	1.584	1
81	 196	6624	0.0723	-4
81	 197	10224	1.582	1
81	 198	19080	0.001	-4
81	 199	26640	1.602	1
81	 200	93960	0.041	-4
81	 201	262800	1.6052	1
81	 202	1054080	0.061	-4
81	 203	0	1.622257871	1
81	 204	119206080	0.091	-4
81	 205	0	1.638214611	1
81	 206	0.000000078	4.276	10
81	 207	286.2	1.8765	1
81	 208	183	0.29213	10
82	 191	130.8	-1.1727	13
82	 192	1.07E-15	2.082	24
82	 193	348	-1.1507	13
82	 194	0.000000018	-0.64	-18
82	 195	900	-1.1287	13
82	 196	0.000000185	0.49015	-10
82	 197	480	-1.0752	-3
82	 198	0.000000049	0.383	-10
82	 199	5400	-1.074212	-3
82	 200	0.000000044	-0.211	-14
82	 201	33588	0.67535	-5
82	 202	1.97E-09	0.00816	8
82	 203	186840	0.68645	-5
82	 204	0.00000294	0	4
82	 205	4.7304E+14	0.71174	-5
82	 206	0.0000084	0	4
82	 207	0	0.5925839	-1
82	 208	0.000015	1.92	-6
82	 209	11700	-1.473516	9
82	 210	0.000000049	-1.879	12
82	 211	2166	-1.40378	9
83	 199	42480	4.64	-9
83	 201	6480	4.83	-9
83	 202	6192	4.93	10
83	 203	42480	4.01713	-9
83	 204	40392	4.32215	12
83	 205	1321920	4.6057	-9
83	 206	539395.2	4.3618	12
83	 207	1015459200	4.0819	-9
83	 208	1.16683E+13	4.6331	10
83	 209	0	0	-9
83	 210	432864	-0.044516	-2
83	 211	0.000315	4.57	-7
83	 212	3636	0.415	-2
83	 213	2736	3.899	-9
84	 198	0.000000029	7.32	16
84	 199	252	0.997	13
84	 200	0.000000061	7.4416	16
84	 201	918	0.948	-3
84	 202	0.00000011	7.4512	16
84	 203	2202	0.746	-5
84	 204	0.000000158	7.381	16
84	 205	5976	0.766	-5
84	 206	0.000000212	7.347	16
84	 207	20844	0.796	-5
84	 208	4.3E-09	5.36	12
84	 209	3216672000	0.688	-1
84	 210	0.000000043	5.485	12
84	 211	0.000000016	-0.3815	-15
85	 207	0.000000108	3.7513	25
85	 208	0.000000048	2.693	-20
85	 209	0.000000026	10.02	-21
85	 210	2.84E-08	9.83	22
85	 211	3.51E-08	9.569	-21
85	 212	1.94E-08	5.9411	22
85	 217	3.2E-14	3.82	-9
86	 203	28	-0.96011	13
86	 205	169.8	0.8029	-5
86	 206	1.35E-08	6.64	16
86	 207	558	0.8169	-5
86	 208	0.00000049	6.988	16
86	 209	1740	0	-5
86	 210	0.000000644	7.186	16
86	 211	52560	0.6017	-1
86	 212	8.8E-09	4.02	8
86	 213	0.000000029	4.7311	21
86	 219	3.96	-0.4425	5
86	 221	1500	-0.0201	7
86	 222	3.2E-10	0.9214	4
86	 223	1392	-0.7768	86276
86	 225	270	-0.6968	-7
87	 207	14.8	3.898	-9
87	 208	58.6	4.751	14
87	 209	50	3.958	-9
87	 210	192	4.409	12
87	 211	186	4.008	-9
87	 212	1158	4.629	10
87	 213	34.7	4.028	-9
87	 214	0.000000103	0	22
87	 215	0.000000004	0	#VALUE!
87	 220	27.4	-0.671	2
87	 221	288	1.583	-5
87	 222	852	0.631	-4
87	 223	1308	1.172	-3
87	 224	198	0.401	-2
87	 225	234	1.072	-3
87	 226	48	0.071214	2
87	 227	144	1.503	1
87	 228	39	-0.762	-4
88	 209	4.7	0.86513	-5
88	 211	13	0.8784	-5
88	 212	1.09E-14	7.107	16
88	 213	162	0.6132	-1
88	 214	6.7E-14	7.083	16
88	 215	5.9E-16	0	-43
88	 216	5E-10	0	12
88	 221	30	-0.1802	-5
88	 223	988416	0.2712	3
88	 224	7.4E-10	0.92	4
88	 225	1278720	-0.733815	-1
88	 227	2532	-0.4042	3
88	 229	240	0.5033	5
89	 215	0.00000003	7.8216	-17
89	 217	0.000000069	3.835	-9
89	 227	686538720	1.11	-3
90	 229	2.31474E+11	0.464	5
90	 232	-1	0	
91	 228	79200	3.55	6
91	 230	1503360	2.02	-4
91	 231	1.04069E+12	2.012	-4
91	233	2332800	4.07	-3
92	233	5.04576E+12	0	5
92	235	2.20752E+16	-0.383	-7
92	238	-1	0	
93	 237	6.62256E+13	3.144	5
93	 239	1.4E-09	2.03	-5
94	 237	0.000000085	-0.685	3
94	 239	7.56864E+11	0.2034	1
94	 241	454118400	-0.68315	5
95	 239	0.000000163	0	7
95	 241	13645627200	1.581	-5
95	 242	57600	0.387915	-2
95	 243	2.3242E+11	0	-5
96	 243	898776000	0.408	5
96	 245	2.68056E+11	0.51	7
96	 247	5.04576E+14	0.367	-9
97	 249	27648000	2.04	7
99	 253	1762560	4.107	7
99	 254	141480	2.907	4